Zad 1-2-3
Matrix L (indices)
[[0 1 1 0 1 0 0 0 0 0]
 [1 0 0 1 0 0 0 0 0 0]
 [0 1 0 0 0 0 1 0 0 0]
 [0 1 1 0 0 0 0 0 0 0]
 [0 0 0 0 0 1 1 0 0 0]
 [0 0 0 0 0 0 1 1 0 0]
 [0 0 0 0 1 1 1 1 1 1]
 [0 0 0 0 0 0 1 0 1 0]
 [0 0 0 0 0 0 1 0 0 1]
 [0 0 0 0 0 0 0 0 0 0]]
Matrix M (stochastic matrix)
[[0.         0.5        0.         0.         0.         0.
  0.         0.         0.         0.        ]
 [0.33333333 0.         0.5        0.5        0.         0.
  0.         0.         0.         0.        ]
 [0.33333333 0.         0.         0.5        0.         0.
  0.         0.         0.         0.        ]
 [0.         0.5        0.         0.         0.         0.
  0.         0.         0.         0.        ]
 [0.33333333 0.         0.         0.         0.         0.
  0.16666667 0.         0.         0.        ]
 [0.         0.         0.         0.         0.5        0.
  0.16666667 0.         0.         0.        ]
 [0.         0.         0.5        0.         0.5        0.5
  0.16666667 0.5        0.5        0.        ]
 [0.         0.         0.         0.         0.         0.5
  0.16666667 0.         0.         0.        ]
 [0.         0.         0.         0.         0.         0.
  0.16666667 0.5        0.         0.        ]
 [0.         0.         0.         0.         0.         0.
  0.16666667 0.         0.5        0.        ]]
PAGERANK
[(2, 0.10554831228286916), (4, 0.10547569369086468), (1, 0.10541569337649047), (3, 0.10495515075230746), (5, 0.10477095455865382), (6, 0.10456434759584193), (8, 0.10346066596448798), (7, 0.10217444253319626), (9, 0.0975648668742259), (10, 0.06606987237106246)]
TRUSTRANK (DOCUMENTS 1 AND 2 ARE GOOD)
[(2, 0.10554831228286916), (4, 0.10547569369086468), (1, 0.10541569337649047), (3, 0.10495515075230746), (5, 0.10477095455865382), (6, 0.10456434759584193), (8, 0.10346066596448798), (7, 0.10217444253319626), (9, 0.0975648668742259), (10, 0.06606987237106246)]

Zad4

Matrix L (indices)
[[0 1 1 0 0 0 0 0 0 0]
 [1 0 0 1 0 0 0 0 0 0]
 [0 1 0 0 0 0 0 0 0 0]
 [0 1 1 0 0 0 0 0 0 0]
 [0 0 0 0 0 1 1 0 0 0]
 [0 0 0 0 0 0 1 1 0 0]
 [0 0 0 0 1 1 1 1 1 1]
 [0 0 0 0 0 0 1 0 1 0]
 [0 0 0 0 0 0 1 0 0 1]
 [0 0 0 0 0 0 0 0 0 0]]
Matrix M (stochastic matrix)
[[0.         0.5        0.         0.         0.         0.
  0.         0.         0.         0.        ]
 [0.5        0.         1.         0.5        0.         0.
  0.         0.         0.         0.        ]
 [0.5        0.         0.         0.5        0.         0.
  0.         0.         0.         0.        ]
 [0.         0.5        0.         0.         0.         0.
  0.         0.         0.         0.        ]
 [0.         0.         0.         0.         0.         0.
  0.16666667 0.         0.         0.        ]
 [0.         0.         0.         0.         0.5        0.
  0.16666667 0.         0.         0.        ]
 [0.         0.         0.         0.         0.5        0.5
  0.16666667 0.5        0.5        0.        ]
 [0.         0.         0.         0.         0.         0.5
  0.16666667 0.         0.         0.        ]
 [0.         0.         0.         0.         0.         0.
  0.16666667 0.5        0.         0.        ]
 [0.         0.         0.         0.         0.         0.
  0.16666667 0.         0.5        0.        ]]
PAGERANK
[(1, 0.10549387616884721), (2, 0.10549387616884721), (3, 0.10549387616884721), (4, 0.10549387616884721), (5, 0.1046581721100911), (6, 0.10445231773516143), (8, 0.10335190090187742), (7, 0.10206808813873663), (9, 0.09746950366165057), (10, 0.06602451277709416)]
TRUSTRANK (DOCUMENTS 1 AND 2 ARE GOOD)
[(1, 0.10549387616884721), (2, 0.10549387616884721), (3, 0.10549387616884721), (4, 0.10549387616884721), (5, 0.1046581721100911), (6, 0.10445231773516143), (8, 0.10335190090187742), (7, 0.10206808813873663), (9, 0.09746950366165057), (10, 0.06602451277709416)]
> 